1: 1
2: 1 2
3: 2 3
4: 1 3 4
5: 2 4 5
6: 3 5 6
7: 1 4 6 7
8: 2 5 7 8
9: 3 6 8 9
10: 4 7 9 10
11: 5 8 10 11
12: 6 9 11 12
13: 7 10 12 13
14: 8 11 13 14
15: 1 9 12 14 15
16: 2 10 13 15 16
17: 3 11 14 16 17
18: 4 12 15 17 18
19: 5 13 16 18 19
20: 6 14 17 19 20
21: 7 15 18 20 21
22: 8 16 19 21 22
23: 9 17 20 22 23
24: 10 18 21 23 24
25: 11 19 22 24 25
26: 12 20 23 25 26
27: 13 21 24 26 27
28: 14 22 25 27 28
29: 15 23 26 28 29
30: 16 24 27 29 30
31: 17 25 28 30
32: 18 26 29
33: 19 27 30
34: 20 28
35: 21 29
36: 22 30
37: 23
38: 24
39: 25
40: 26
41: 27
42: 28
43: 29
44: 30
time = 1 ms